          60
         210
         177
          36
          11
         232
         248
         210
          46
          80
         241
         194
         132
         117
         210
          49
         224
          48
          18
         122
         227
         145
         192
         155
         163
          68
          19
         122
         182
          87
         223
          78
         151
         152
         178
          60
         142
         167
         102
         164
          47
         177
          34
         211
         189
          19
          51
          66
          65
         130
         234
          16
         186
         141
         209
         149
          98
          57
          97
          27
          25
         249
         161
         157
         180
          39
         179
         200
           8
         221
          62
         228
          52
           2
          11
         148
          62
         189
         141
          23
           9
         238
         147
         192
          35
         114
         233
         135
         170
           4
         243
         177
         246
           7
         236
         140
          54
          73
          35
         231
          20
           6
         233
         182
         195
         154
          24
          51
          91
         165
         158
          91
         116
          33
         117
         127
         144
         128
         107
         183
          74
         132
         252
         221
          32
         165
         224
          89
          93
          47
          22
          51
         148
         248
          43
         235
         241
          19
         236
         245
          49
          22
         186
         193
          59
         218
         196
          12
          30
         174
         208
          38
          35
         164
          24
         208
          34
         229
          97
          92
          31
         238
         152
         118
         138
          21
         119
         168
          77
          67
         132
         217
         173
          41
          89
          56
           5
         130
         248
         104
          72
         135
         226
         201
          77
         197
         225
         129
         124
          47
         134
         182
          52
         114
         133
         157
          54
         231
         149
         142
          16
         185
         107
          96
          88
         182
          63
         151
         238
          61
         226
          26
         159
         247
          17
         174
          12
         209
         142
          72
          14
         127
         158
         127
          83
         188
          49
         187
         167
         136
          43
         106
         227
         255
          64
         220
         193
          34
          26
         136
         219
         224
         126
         188
          44
         212
         225
         230
         151
          20
          82
         195
         109
          72
         147
          34
         216
         131
         170
          61
         222
         199
         131
          70
         103
         178
         176
         210
         219
         224
         148
          46
         231
         143
          15
         114
          59
          26
         191
         146
         138
         235
         232
          45
         109
         195
         178
         222
           6
         115
         179
          35
         159
           9
          76
         125
          85
          97
         124
         161
